Feature	Manual1_Digenic	Manual2_Digenic	Manual3_Digenic	Manual4_Digenic	Manual5_Digenic	Manual6_non-Digenic	Manual7_Digenic	Manual8_Digenic	Manual9_Digenic	Manual10_Digenic	Manual11_Digenic	Manual12_Digenic	Manual13_non-Digenic	Manual14_Digenic	Manual15_Digenic	Manual16_Digenic	Manual17_Digenic	Manual18_Digenic	Manual19_Digenic	Manual20_Digenic	Manual21_Digenic	Manual22_Digenic	Manual23_Digenic	Manual24_Digenic	Manual25_Digenic	Manual26_Digenic	Manual27_Digenic	Manual28_Digenic	Manual29_non-Digenic	Manual30_Digenic	Manual31_Digenic	Manual32_Digenic	Manual33_non-Digenic	Manual34_Digenic	Manual35_Digenic	Manual36_non-Digenic	Manual37_Digenic	Manual38_Digenic	Manual39_Digenic	Manual40_Digenic	Manual41_Digenic	Manual42_Digenic	Manual43_Digenic	Manual44_Digenic	Manual45_Digenic	Manual46_Digenic	Manual47_Digenic	Manual48_Digenic	Manual49_Digenic	Manual50_Digenic	Manual51_Digenic	Manual52_Digenic	Manual53_non-Digenic	Manual54_Digenic	Manual55_Digenic	Manual56_Digenic	Manual57_Digenic	Manual58_Digenic	Manual59_Digenic	Manual60_Digenic	Manual61_non-Digenic	Manual62_Digenic	Manual63_Digenic	Manual64_Digenic
Recs.add	-0.0098	0.0169	0.015	0.0024	0.0264	-0.0141	0.0198	0.0061	-0.013	0.0176	-0.0094	-0.0059	-0.0111	-0.0109	-0.0095	-0.0085	0.0033	-0.002	-0.0164	-0.0082	0.0038	0.0159	0.0209	-0.0033	-0.0171	0.0214	0.0144	0.0153	-0.0082	0.0158	0.0301	0.003	-0.0102	0.0086	0.0038	-0.0113	0.0167	-0.0091	-0.0049	-0.0119	0.0045	-0.0144	-0.0107	-0.0124	0.0197	0.0036	-0.008	0.0137	0.0192	0.0162	-0.0095	0.012	-0.0125	0.0258	0.0247	0.0143	0.0125	0.02	-0.0113	0.0226	0.0286	0.0149	0.0028	-0.0139
Recs.sub	-3e-04	0.0041	0.006	0.0011	0.0037	-0.0028	0.0037	0.0027	0.001	-0.0012	-0.0053	0.0041	-0.0017	2e-04	-0.0012	-0.0018	-0.0019	-0.0011	-8e-04	-0.0011	-0.0023	0.004	-0.0032	-3e-04	-0.0017	0.0068	-0.0077	-6e-04	-0.0026	0.0055	-0.0031	-1e-04	-0.0022	-6e-04	-2e-04	-0.0029	-0.001	-0.001	3e-04	-0.0011	-0.001	-0.0017	-1e-04	-7e-04	0.0055	0.0068	-0.0016	0.0032	0.0053	-0.0013	-7e-04	-7e-04	-0.0045	-8e-04	0.0078	0.0036	0.0026	0.011	-0.0035	0.0141	-0.0031	0.0026	-0.0038	-2e-04
GOSemSim_MF	-0.0027	-0.0035	0.0011	0.0034	0.0024	-0.0046	-0.0102	0.0044	0.0115	0.0061	0.0081	0.0031	-0.0124	0.0049	0.0154	0.0122	-0.0028	0.0087	0.0027	0.009	-0.011	2e-04	-6e-04	-0.0148	-0.0012	0.002	0.0118	0.0117	0.0113	2e-04	0.0014	-0.0041	-0.0168	-0.0022	0.0031	-0.0092	-0.0106	0.0152	0.0114	-0.0105	-0.0053	0.0059	0.0056	8e-04	0.0029	-0.0041	0.005	0.0102	0.004	-0.0052	0.0215	0.0061	-0.0105	-0.0018	-0.0022	0.004	0.005	-0.0034	-0.0063	1e-04	-0.0109	-0.0011	-3e-04	-0.0015
GOSemSim_BP	0.0551	-0.0284	0.0411	-0.0227	-0.0115	-0.034	0.0535	0.0523	-0.0296	0.0517	0.068	-0.0303	-0.0262	0.0559	0.0422	0.0471	-0.0343	-0.0285	0.0554	0.0446	0.0309	0.0357	0.0565	0.0481	0.0511	0.0588	0.0401	0.04	0.0713	0.0401	-0.0239	-0.0398	0.0834	-0.0038	0.0384	-0.0312	-0.0304	0.0525	0.0532	-0.024	-0.035	0.0215	0.0433	0.053	0.0316	0.0349	0.055	0.0435	0.0501	0.0425	-0.016	0.0375	-0.031	-0.0201	0.001	0.0398	0.0404	-0.0272	-0.0183	-0.0234	-0.0296	-0.0233	0.0487	0.0083
GOSemSim_CC	-0.0113	0.0019	3e-04	-0.0043	-0.0092	0.0137	-0.0065	0.0104	-0.0102	0.01	0.0152	0.0087	0.0055	0.0115	-0.0023	0.0066	-0.0028	-0.0095	0.0112	0.0098	0.0085	0.0147	0.0017	0.0163	-0.0093	0.0127	0.0164	0.0116	0.0176	0.0073	-0.0081	-0.0032	0.0579	-0.0054	0.0078	-0.0091	-0.0046	0.0126	0.0122	0.0052	-0.0083	0.0061	0.0039	0.0062	0.0061	0.0118	0.0095	0.0177	0.0091	-0.003	0.0021	0.0076	-0.0031	0.0059	0.0036	0.0068	0.0047	0.0054	0.0021	-0.0049	-5e-04	0.0114	0.0077	0.002
GeneMANIAGG	0.0491	-0.0138	0.0389	-0.0177	-0.0229	0.0316	-0.0134	0.0429	0.0636	0.0448	0.0562	-0.0137	-0.0221	0.0334	0.0453	-0.0118	-0.0148	-0.0163	0.0427	0.0387	0.041	0.0398	0.0484	0.0431	0.0663	0.0515	0.0355	0.0365	0.0881	0.0353	-0.0144	-0.0149	-0.0198	-0.0162	0.0363	-0.0221	0.0423	0.049	0.0475	-0.0198	-0.0154	0.0364	-0.0125	0.0456	0.0427	0.0467	-0.0126	0.0402	0.0447	0.032	0.0182	0.0365	-0.0231	-0.0159	-0.0131	0.0348	0.0381	-0.0137	-0.0176	-0.018	-0.0235	-0.0171	0.0431	-0.0196
HI.add	5e-04	0.0043	0.0022	0.0017	0.0037	0.0061	-0.0018	7e-04	0.0022	-2e-04	-5e-04	-0.0035	0.0023	0.003	4e-04	2e-04	0.0014	2e-04	-0.009	0.0016	-4e-04	0.0027	-3e-04	-0.0048	0.0055	0.0011	0.0017	0.0021	-0.0011	0.0026	0.0011	-0.0012	0.0054	0.0046	0.001	-5e-04	2e-04	0.0011	0.0019	8e-04	-0.0013	0.0011	-7e-04	0.0016	0.0036	0.0037	3e-04	0.0018	0.0034	0.0012	0.0016	-0.0079	-0.0018	0.0034	0.0042	0.0022	0.0019	0.006	-0.0026	0.0036	0.0031	0.0048	0.0043	0.005
HI.sub	0.0036	0.0064	-0.0017	0.0015	0.0108	-0.0032	-0.0033	4e-04	0.0024	6e-04	7e-04	-0.0037	-0.0013	0.0026	0	-3e-04	1e-04	-0.0016	-0.0103	0	-0.0017	0.0016	-0.0119	-0.0082	-0.0011	5e-04	0.0016	0	-6e-04	1e-04	4e-04	-9e-04	0.0022	-7e-04	5e-04	-0.002	0.002	-0.0014	-1e-04	-0.001	-0.0123	-2e-04	-0.0016	1e-04	0.0048	-0.003	1e-04	0.0022	-3e-04	9e-04	-2e-04	-0.0094	-0.0028	0.0055	-0.011	0	0.002	0.0028	-0.002	0.0082	5e-04	0.0082	-4e-04	-0.0036
BioDis	0.0795	0.0909	0.0724	-0.0289	-0.0052	0.1461	0.0424	0.0681	-0.0264	0.0458	0.1347	-0.0287	-0.0525	0.0714	-0.0089	0.0778	0.0264	-0.0075	0.0783	0.0779	-0.0271	0.066	-0.0427	0.0772	0.0922	-0.0256	0.0646	0.0686	-0.0494	0.0689	-0.0386	0.0924	-0.0193	-0.0219	0.0683	-0.0505	0.0727	0.0887	0.0874	-0.015	-0.047	-0.013	0.0712	-0.0101	0.0598	-0.0474	-0.0443	0.0706	0.0699	0.0712	-0.0357	0.0691	-0.0408	0.0522	0.0825	0.0662	0.0697	-0.0074	-0.0316	-0.0092	-0.027	-0.0462	-0.0124	0.0793
LofIn.add	-6e-04	0.0062	0.0025	0.0013	-0.0015	-0.0021	-0.0014	-3e-04	-0.0021	-0.0103	-0.0079	-0.0011	-0.0022	-0.0013	0.0022	-0.0053	-0.0091	-0.0082	0.001	0.0035	-0.0043	0.0035	0.0029	-0.0125	0.0045	-2e-04	8e-04	0.0033	-0.0037	0.0028	-0.0101	0.0011	0.0066	0.0089	2e-04	-0.0025	3e-04	0.0045	-9e-04	0.0061	0.0043	-9e-04	0.0057	-7e-04	-0.0026	0.0033	-1e-04	-4e-04	-8e-04	-0.0018	0	-0.0046	-0.0025	2e-04	0.0057	-0.0031	-0.0015	0.0014	-0.0016	-4e-04	-0.001	0.0026	-1e-04	-0.0011
LofIn.sub	-5e-04	-0.0011	0.0042	-6e-04	-0.0052	-0.0064	-0.0015	-5e-04	-0.0014	-0.0046	-0.0059	-0.0022	-0.0063	-0.0014	-0.0014	-0.0029	-0.0049	-0.0051	0.0018	0.0027	-0.0018	0.0017	0.0036	-0.0062	-0.0038	1e-04	0	-0.0046	-0.0035	0	-0.0069	-0.0011	0.0085	0.0107	-4e-04	-0.0065	-5e-04	-0.0025	-0.0033	-0.0056	0.0017	-0.0011	0.0054	-0.0024	-0.0055	0.0042	-0.001	0	-6e-04	-6e-04	-0.0043	-0.0026	-0.0073	-0.0024	0.002	-6e-04	-4e-04	-0.0018	-0.0055	-0.0037	-0.0036	-0.0042	-0.0034	-0.0039
STRINGPP	0.3071	0.3141	0.2273	0.3168	0.1103	-0.2397	0.2967	0.2583	0.3762	0.2707	-0.245	0.3454	-0.224	0.2244	0.2857	0.2289	0.3864	0.3961	0.267	0.241	0.2709	0.2377	0.3147	0.2285	-0.0253	0.3516	0.1951	0.1929	-0.1516	0.2054	0.4072	0.3254	-0.2391	0.3101	0.2152	-0.2268	0.2325	0.1888	0.1937	0.2036	0.3522	0.3395	0.3008	0.2108	0.2561	0.3228	0.3209	0.2221	0.2379	0.2251	0.1631	0.2101	-0.2324	0.2717	0.3113	0.2083	0.1886	0.3441	0.2259	0.3708	-0.2442	0.3874	0.2053	0.1393
REAC_FI	-0.0274	-0.0264	0.0762	-0.0373	-0.0424	-0.047	-0.0287	-0.0234	-0.0317	-0.025	-0.0413	0.1184	-0.0531	-0.0266	0.0995	0.0892	-0.0327	-0.0345	-0.0252	0.0865	0.086	0.0843	-0.0242	-0.0286	-0.0387	-0.0243	0.0728	0.0728	-0.0424	0.0712	-0.0306	-0.0303	-0.0481	-0.0321	0.0746	-0.0545	0.092	-0.0262	-0.0262	-0.0433	-0.0334	-0.0287	-0.0256	-0.0305	-0.0244	-0.0244	0.0951	0.082	-0.0223	0.0808	-0.042	0.079	-0.0544	-0.0298	-0.0246	0.0707	0.0755	0.1139	0.0141	-0.0318	-0.0527	-0.0321	-0.0308	-0.0405
HighexpPer	0.0019	4e-04	0.0016	-0.0037	0.0019	4e-04	-0.0014	-0.0026	-0.0081	4e-04	0.0011	-4e-04	7e-04	0.0013	-0.0013	0.0011	0.0011	0.0014	-0.0047	-0.0058	0.0021	0.0029	0.0013	-0.0053	0.0011	0.0012	-0.0015	0.001	0.0014	0.0012	-0.0052	-0.0036	-0.0048	-0.0028	-0.0011	5e-04	0.0021	-0.0038	0.0013	-0.0015	-0.0033	-0.0073	-0.0011	0.0022	0.0033	-0.0058	0.0013	1e-04	0.003	0.0019	0.0021	0.0031	-0.0045	0.0048	-0.0017	0.002	0.0021	0.0034	-2e-04	4e-04	-0.0054	-0.0049	0.0017	0.0012
Abundance.add	-5e-04	0.0022	8e-04	0.0023	-0.0012	0.0031	-0.0068	-0.0038	-5e-04	0.0019	7e-04	1e-04	-0.0014	-8e-04	0.001	7e-04	0.0014	-3e-04	0.0011	4e-04	0.0017	9e-04	2e-04	1e-04	-0.0016	-7e-04	-0.0017	-0.0037	-7e-04	-0.0018	0.0018	0.0013	-1e-04	-0.0011	-0.0041	-8e-04	0	-0.0011	7e-04	0.0024	7e-04	0.0017	0.0018	0.0014	0.0012	-0.0058	0	1e-04	5e-04	-0.0014	-3e-04	4e-04	0.0016	-8e-04	0.0034	0.0014	-0.0045	4e-04	-2e-04	9e-04	0.0033	-0.0012	0.0024	-8e-04
COXPRESdbMRvalue	0.0254	0.0149	0.0132	-0.0185	0.0372	0.007	-0.0296	0.0205	0.0328	0.0187	0.0231	-0.0045	-0.0137	-0.0085	0.0251	0.0178	-0.0072	-0.015	0.0228	0.0025	0.0205	-0.0076	0.0271	0.0193	0.0187	0.0271	0.0158	0.0164	0.0422	0.0097	-0.0084	0.0042	-0.0075	-0.0052	0.0115	-0.0111	0.0161	0.0237	0.0136	0.0142	-0.0174	0.004	0.0219	0.0252	-0.0019	-1e-04	0.0248	0.0158	0.0195	0.017	-0.0208	0.0173	0.005	-0.0078	0.0034	0.013	0.0153	-0.001	-0.0163	0.0273	-0.0056	-0.0126	-0.0016	-0.006
DOSemSim	-0.0295	0.0547	0.0013	-0.0019	-0.0457	0.0045	0.0659	0.0423	-0.0253	0.0438	0.0658	-0.0258	-0.0426	0.0526	-0.0237	0.0351	0.0686	0.0501	0.0179	-0.0243	0.0504	-0.0251	0.049	0.0418	0.0069	-0.0139	0.0335	0.029	-0.0333	0.0331	0.0612	0.0469	-0.0348	0.0543	0.0368	-0.042	0.045	0.0022	0.0446	-0.039	0.0604	0.0565	0.0575	0.0495	0.0536	0.0544	0.0056	-0.0226	0.0385	0.0167	-0.0388	0.0356	-0.0419	0.0723	0.0636	0.0393	0.0347	-0.0285	-0.0364	-0.0369	-0.0462	-0.036	0.0578	0.0188
